Ach4={{45,18.1024,0.0820235},{46,25.1585,0.057104},{47,31.7485,0.0511961},{48,38.4748,0.0555488},};
Ach5={{45,19.0023,0.0634801},{46,25.843,0.050201},{47,32.3873,0.0550602},{48,39.0022,0.0655927},};
