Qch4={{45,1.41808,0.0847416},{46,3.50149,0.0196416},{47,5.0769,0.0190195},{48,6.80827,0.0220524},};
Qch5={{45,1.74845,0.030561},{46,3.54021,0.0197394},{47,5.24343,0.0182747},{48,6.98434,0.0209997},};
