Ach4={{45,17.7027,0.0847763},{46,24.8451,0.0486359},{47,31.4336,0.0494612},{48,38.0023,0.0626966},};
Ach5={{45,18.1485,0.0914899},{46,25.7056,0.0524287},{47,32.2514,0.0567262},{48,38.9435,0.0793863},};
