Qch4={{45,2.07835,0.0143776},{46,3.53995,0.0141587},{47,5.07659,0.018794},{48,6.82622,0.0240273},};
Qch5={{45,2.26124,0.0139564},{46,3.75287,0.014938},{47,5.35272,0.0187285},{48,7.11479,0.0251364},};
