Ach4={{45,17.7126,0.087969},{46,24.9261,0.0558584},{47,31.4916,0.0585325},{48,37.9531,0.0593345},};
Ach5={{45,18.0632,0.0949144},{46,25.7033,0.0546881},{47,32.3135,0.0637175},{48,39.0113,0.0737652},};
Ach2={{1100,82.0633,0.549848},{1200,167.552,1.07369},{1300,332.813,1.8939},{1400,590.517,4.30593},{1500,956.98,9.73374},};
