Qch4={{45,2.09574,0.014872},{46,3.55074,0.0150978},{47,5.1196,0.0200447},{48,6.84564,0.0224433},};
Qch5={{45,2.30488,0.0148347},{46,3.76664,0.016244},{47,5.39083,0.0189743},{48,7.06121,0.0217488},};
Qch2={{1100,1.19176,0.00605415},{1200,2.33659,0.0135166},{1300,4.34747,0.0296154},{1400,8.00513,0.0362133},{1500,13.6383,0.362472},};
