Ach4={{45,17.8835,0.0890486},{46,24.8051,0.0506335},{47,31.5576,0.0592266},{48,38.0568,0.0640311},};
Ach5={{45,18.4475,0.0856994},{46,25.6111,0.0529604},{47,32.2409,0.0653649},{48,39.0177,0.0812471},};
Ach2={{1100,81.5217,0.692857},{1200,171.675,1.36804},{1300,338.603,2.46078},{1400,604.964,6.38093},{1500,955.03,13.1644},};
