Qch4={{45,2.08713,0.0156108},{46,3.56487,0.014766},{47,5.12267,0.0191123},{48,6.82311,0.0235435},};
Qch5={{45,2.30322,0.0152932},{46,3.7866,0.0157693},{47,5.35517,0.0191343},{48,7.12648,0.0256922},};
Qch2={{1100,1.1891,0.00803337},{1200,2.33115,0.0151224},{1300,4.36851,0.036433},{1400,7.95116,0.0463323},{1500,11.8049,0.180578},};
